{"65_crema_crema_crema_crema": 0.0, "65_crema_crema_crema_tempogram": 0.0005811545883528391, "65_crema_crema_crema_mfcc": 0.006204264733212894, "65_crema_crema_crema_yamnet": 0.004721480612901341, "65_crema_crema_crema_openl3": 0.001816019102220623, "65_crema_crema_tempogram_crema": 0.05496089672979987, "65_crema_crema_tempogram_tempogram": 0.06229575082448463, "65_crema_crema_tempogram_mfcc": 0.0048692954418391166, "65_crema_crema_tempogram_yamnet": 0.0608814896070875, "65_crema_crema_tempogram_openl3": 0.01635916600739995, "65_crema_crema_mfcc_crema": 0.025874585854857024, "65_crema_crema_mfcc_tempogram": 0.030298272317956787, "65_crema_crema_mfcc_mfcc": 0.024790627613846872, "65_crema_crema_mfcc_yamnet": 0.022332606080652462, "65_crema_crema_mfcc_openl3": 0.031074694815343085, "65_crema_crema_yamnet_crema": 0.054630034401315086, "65_crema_crema_yamnet_tempogram": 0.06156002422162299, "65_crema_crema_yamnet_mfcc": 0.040302243811639826, "65_crema_crema_yamnet_yamnet": 0.03224886467110777, "65_crema_crema_yamnet_openl3": 0.031381857934432156, "65_crema_crema_openl3_crema": 0.055742400578229434, "65_crema_crema_openl3_tempogram": 0.05005035699136273, "65_crema_crema_openl3_mfcc": 0.06462662885340398, "65_crema_crema_openl3_yamnet": 0.004297166030568067, "65_crema_crema_openl3_openl3": 0.05631674566431777, "65_crema_tempogram_crema_crema": -0.0005811545883528391, "65_crema_tempogram_crema_tempogram": 0.0, "65_crema_tempogram_crema_mfcc": 0.005623110144860055, "65_crema_tempogram_crema_yamnet": 0.004140326024548502, "65_crema_tempogram_crema_openl3": 0.0012348645138677838, "65_crema_tempogram_tempogram_crema": 0.05437974214144703, "65_crema_tempogram_tempogram_tempogram": 0.06171459623613179, "65_crema_tempogram_tempogram_mfcc": 0.0042881408534862775, "65_crema_tempogram_tempogram_yamnet": 0.06030033501873466, "65_crema_tempogram_tempogram_openl3": 0.01577801141904711, "65_crema_tempogram_mfcc_crema": 0.025293431266504185, "65_crema_tempogram_mfcc_tempogram": 0.029717117729603948, "65_crema_tempogram_mfcc_mfcc": 0.024209473025494033, "65_crema_tempogram_mfcc_yamnet": 0.021751451492299623, "65_crema_tempogram_mfcc_openl3": 0.030493540226990246, "65_crema_tempogram_yamnet_crema": 0.05404887981296225, "65_crema_tempogram_yamnet_tempogram": 0.06097886963327015, "65_crema_tempogram_yamnet_mfcc": 0.03972108922328699, "65_crema_tempogram_yamnet_yamnet": 0.03166771008275493, "65_crema_tempogram_yamnet_openl3": 0.030800703346079317, "65_crema_tempogram_openl3_crema": 0.055161245989876595, "65_crema_tempogram_openl3_tempogram": 0.04946920240300989, "65_crema_tempogram_openl3_mfcc": 0.06404547426505114, "65_crema_tempogram_openl3_yamnet": 0.003716011442215228, "65_crema_tempogram_openl3_openl3": 0.05573559107596493, "65_crema_mfcc_crema_crema": -0.006204264733212894, "65_crema_mfcc_crema_tempogram": -0.005623110144860055, "65_crema_mfcc_crema_mfcc": 0.0, "65_crema_mfcc_crema_yamnet": -0.0014827841203115533, "65_crema_mfcc_crema_openl3": -0.004388245630992271, "65_crema_mfcc_tempogram_crema": 0.048756631996586974, "65_crema_mfcc_tempogram_tempogram": 0.056091486091271736, "65_crema_mfcc_tempogram_mfcc": -0.0013349692913737776, "65_crema_mfcc_tempogram_yamnet": 0.05467722487387461, "65_crema_mfcc_tempogram_openl3": 0.010154901274187056, "65_crema_mfcc_mfcc_crema": 0.01967032112164413, "65_crema_mfcc_mfcc_tempogram": 0.024094007584743893, "65_crema_mfcc_mfcc_mfcc": 0.018586362880633978, "65_crema_mfcc_mfcc_yamnet": 0.016128341347439568, "65_crema_mfcc_mfcc_openl3": 0.02487043008213019, "65_crema_mfcc_yamnet_crema": 0.04842576966810219, "65_crema_mfcc_yamnet_tempogram": 0.055355759488410095, "65_crema_mfcc_yamnet_mfcc": 0.03409797907842693, "65_crema_mfcc_yamnet_yamnet": 0.026044599937894874, "65_crema_mfcc_yamnet_openl3": 0.02517759320121926, "65_crema_mfcc_openl3_crema": 0.04953813584501654, "65_crema_mfcc_openl3_tempogram": 0.04384609225814984, "65_crema_mfcc_openl3_mfcc": 0.058422364120191084, "65_crema_mfcc_openl3_yamnet": -0.0019070987026448272, "65_crema_mfcc_openl3_openl3": 0.050112480931104875, "65_crema_yamnet_crema_crema": -0.004721480612901341, "65_crema_yamnet_crema_tempogram": -0.004140326024548502, "65_crema_yamnet_crema_mfcc": 0.0014827841203115533, "65_crema_yamnet_crema_yamnet": 0.0, "65_crema_yamnet_crema_openl3": -0.002905461510680718, "65_crema_yamnet_tempogram_crema": 0.05023941611689853, "65_crema_yamnet_tempogram_tempogram": 0.05757427021158329, "65_crema_yamnet_tempogram_mfcc": 0.00014781482893777564, "65_crema_yamnet_tempogram_yamnet": 0.05616000899418616, "65_crema_yamnet_tempogram_openl3": 0.01163768539449861, "65_crema_yamnet_mfcc_crema": 0.021153105241955683, "65_crema_yamnet_mfcc_tempogram": 0.025576791705055446, "65_crema_yamnet_mfcc_mfcc": 0.02006914700094553, "65_crema_yamnet_mfcc_yamnet": 0.01761112546775112, "65_crema_yamnet_mfcc_openl3": 0.026353214202441744, "65_crema_yamnet_yamnet_crema": 0.049908553788413745, "65_crema_yamnet_yamnet_tempogram": 0.05683854360872165, "65_crema_yamnet_yamnet_mfcc": 0.035580763198738485, "65_crema_yamnet_yamnet_yamnet": 0.027527384058206428, "65_crema_yamnet_yamnet_openl3": 0.026660377321530815, "65_crema_yamnet_openl3_crema": 0.05102091996532809, "65_crema_yamnet_openl3_tempogram": 0.04532887637846139, "65_crema_yamnet_openl3_mfcc": 0.05990514824050264, "65_crema_yamnet_openl3_yamnet": -0.0004243145823332739, "65_crema_yamnet_openl3_openl3": 0.05159526505141643, "65_crema_openl3_crema_crema": -0.001816019102220623, "65_crema_openl3_crema_tempogram": -0.0012348645138677838, "65_crema_openl3_crema_mfcc": 0.004388245630992271, "65_crema_openl3_crema_yamnet": 0.002905461510680718, "65_crema_openl3_crema_openl3": 0.0, "65_crema_openl3_tempogram_crema": 0.053144877627579246, "65_crema_openl3_tempogram_tempogram": 0.06047973172226401, "65_crema_openl3_tempogram_mfcc": 0.0030532763396184937, "65_crema_openl3_tempogram_yamnet": 0.05906547050486688, "65_crema_openl3_tempogram_openl3": 0.014543146905179327, "65_crema_openl3_mfcc_crema": 0.0240585667526364, "65_crema_openl3_mfcc_tempogram": 0.028482253215736164, "65_crema_openl3_mfcc_mfcc": 0.02297460851162625, "65_crema_openl3_mfcc_yamnet": 0.02051658697843184, "65_crema_openl3_mfcc_openl3": 0.029258675713122462, "65_crema_openl3_yamnet_crema": 0.05281401529909446, "65_crema_openl3_yamnet_tempogram": 0.059744005119402366, "65_crema_openl3_yamnet_mfcc": 0.0384862247094192, "65_crema_openl3_yamnet_yamnet": 0.030432845568887146, "65_crema_openl3_yamnet_openl3": 0.029565838832211533, "65_crema_openl3_openl3_crema": 0.05392638147600881, "65_crema_openl3_openl3_tempogram": 0.04823433788914211, "65_crema_openl3_openl3_mfcc": 0.06281060975118335, "65_crema_openl3_openl3_yamnet": 0.002481146928347444, "65_crema_openl3_openl3_openl3": 0.054500726562097146, "65_tempogram_crema_crema_crema": -0.05496089672979987, "65_tempogram_crema_crema_tempogram": -0.05437974214144703, "65_tempogram_crema_crema_mfcc": -0.048756631996586974, "65_tempogram_crema_crema_yamnet": -0.05023941611689853, "65_tempogram_crema_crema_openl3": -0.053144877627579246, "65_tempogram_crema_tempogram_crema": 0.0, "65_tempogram_crema_tempogram_tempogram": 0.007334854094684762, "65_tempogram_crema_tempogram_mfcc": -0.05009160128796075, "65_tempogram_crema_tempogram_yamnet": 0.005920592877287634, "65_tempogram_crema_tempogram_openl3": -0.03860173072239992, "65_tempogram_crema_mfcc_crema": -0.029086310874942845, "65_tempogram_crema_mfcc_tempogram": -0.02466262441184308, "65_tempogram_crema_mfcc_mfcc": -0.030170269115952997, "65_tempogram_crema_mfcc_yamnet": -0.03262829064914741, "65_tempogram_crema_mfcc_openl3": -0.023886201914456784, "65_tempogram_crema_yamnet_crema": -0.00033086232848478225, "65_tempogram_crema_yamnet_tempogram": 0.00659912749182312, "65_tempogram_crema_yamnet_mfcc": -0.014658652918160042, "65_tempogram_crema_yamnet_yamnet": -0.0227120320586921, "65_tempogram_crema_yamnet_openl3": -0.023579038795367713, "65_tempogram_crema_openl3_crema": 0.0007815038484295656, "65_tempogram_crema_openl3_tempogram": -0.004910539738437136, "65_tempogram_crema_openl3_mfcc": 0.00966573212360411, "65_tempogram_crema_openl3_yamnet": -0.0506637306992318, "65_tempogram_crema_openl3_openl3": 0.0013558489345179003, "65_tempogram_tempogram_crema_crema": -0.06229575082448463, "65_tempogram_tempogram_crema_tempogram": -0.06171459623613179, "65_tempogram_tempogram_crema_mfcc": -0.056091486091271736, "65_tempogram_tempogram_crema_yamnet": -0.05757427021158329, "65_tempogram_tempogram_crema_openl3": -0.06047973172226401, "65_tempogram_tempogram_tempogram_crema": -0.007334854094684762, "65_tempogram_tempogram_tempogram_tempogram": 0.0, "65_tempogram_tempogram_tempogram_mfcc": -0.057426455382645514, "65_tempogram_tempogram_tempogram_yamnet": -0.001414261217397128, "65_tempogram_tempogram_tempogram_openl3": -0.04593658481708468, "65_tempogram_tempogram_mfcc_crema": -0.036421164969627606, "65_tempogram_tempogram_mfcc_tempogram": -0.03199747850652784, "65_tempogram_tempogram_mfcc_mfcc": -0.03750512321063776, "65_tempogram_tempogram_mfcc_yamnet": -0.03996314474383217, "65_tempogram_tempogram_mfcc_openl3": -0.031221056009141546, "65_tempogram_tempogram_yamnet_crema": -0.007665716423169544, "65_tempogram_tempogram_yamnet_tempogram": -0.0007357266028616416, "65_tempogram_tempogram_yamnet_mfcc": -0.021993507012844804, "65_tempogram_tempogram_yamnet_yamnet": -0.03004688615337686, "65_tempogram_tempogram_yamnet_openl3": -0.030913892890052475, "65_tempogram_tempogram_openl3_crema": -0.006553350246255196, "65_tempogram_tempogram_openl3_tempogram": -0.012245393833121898, "65_tempogram_tempogram_openl3_mfcc": 0.0023308780289193476, "65_tempogram_tempogram_openl3_yamnet": -0.05799858479391656, "65_tempogram_tempogram_openl3_openl3": -0.0059790051601668615, "65_tempogram_mfcc_crema_crema": -0.0048692954418391166, "65_tempogram_mfcc_crema_tempogram": -0.0042881408534862775, "65_tempogram_mfcc_crema_mfcc": 0.0013349692913737776, "65_tempogram_mfcc_crema_yamnet": -0.00014781482893777564, "65_tempogram_mfcc_crema_openl3": -0.0030532763396184937, "65_tempogram_mfcc_tempogram_crema": 0.05009160128796075, "65_tempogram_mfcc_tempogram_tempogram": 0.057426455382645514, "65_tempogram_mfcc_tempogram_mfcc": 0.0, "65_tempogram_mfcc_tempogram_yamnet": 0.056012194165248386, "65_tempogram_mfcc_tempogram_openl3": 0.011489870565560834, "65_tempogram_mfcc_mfcc_crema": 0.021005290413017907, "65_tempogram_mfcc_mfcc_tempogram": 0.02542897687611767, "65_tempogram_mfcc_mfcc_mfcc": 0.019921332172007755, "65_tempogram_mfcc_mfcc_yamnet": 0.017463310638813345, "65_tempogram_mfcc_mfcc_openl3": 0.026205399373503968, "65_tempogram_mfcc_yamnet_crema": 0.04976073895947597, "65_tempogram_mfcc_yamnet_tempogram": 0.05669072877978387, "65_tempogram_mfcc_yamnet_mfcc": 0.03543294836980071, "65_tempogram_mfcc_yamnet_yamnet": 0.027379569229268652, "65_tempogram_mfcc_yamnet_openl3": 0.02651256249259304, "65_tempogram_mfcc_openl3_crema": 0.05087310513639032, "65_tempogram_mfcc_openl3_tempogram": 0.045181061549523616, "65_tempogram_mfcc_openl3_mfcc": 0.05975733341156486, "65_tempogram_mfcc_openl3_yamnet": -0.0005721294112710495, "65_tempogram_mfcc_openl3_openl3": 0.05144745022247865, "65_tempogram_yamnet_crema_crema": -0.0608814896070875, "65_tempogram_yamnet_crema_tempogram": -0.06030033501873466, "65_tempogram_yamnet_crema_mfcc": -0.05467722487387461, "65_tempogram_yamnet_crema_yamnet": -0.05616000899418616, "65_tempogram_yamnet_crema_openl3": -0.05906547050486688, "65_tempogram_yamnet_tempogram_crema": -0.005920592877287634, "65_tempogram_yamnet_tempogram_tempogram": 0.001414261217397128, "65_tempogram_yamnet_tempogram_mfcc": -0.056012194165248386, "65_tempogram_yamnet_tempogram_yamnet": 0.0, "65_tempogram_yamnet_tempogram_openl3": -0.04452232359968755, "65_tempogram_yamnet_mfcc_crema": -0.03500690375223048, "65_tempogram_yamnet_mfcc_tempogram": -0.030583217289130715, "65_tempogram_yamnet_mfcc_mfcc": -0.03609086199324063, "65_tempogram_yamnet_mfcc_yamnet": -0.03854888352643504, "65_tempogram_yamnet_mfcc_openl3": -0.029806794791744418, "65_tempogram_yamnet_yamnet_crema": -0.006251455205772416, "65_tempogram_yamnet_yamnet_tempogram": 0.0006785346145354865, "65_tempogram_yamnet_yamnet_mfcc": -0.020579245795447676, "65_tempogram_yamnet_yamnet_yamnet": -0.028632624935979734, "65_tempogram_yamnet_yamnet_openl3": -0.029499631672655346, "65_tempogram_yamnet_openl3_crema": -0.005139089028858068, "65_tempogram_yamnet_openl3_tempogram": -0.01083113261572477, "65_tempogram_yamnet_openl3_mfcc": 0.0037451392463164757, "65_tempogram_yamnet_openl3_yamnet": -0.056584323576519435, "65_tempogram_yamnet_openl3_openl3": -0.004564743942769733, "65_tempogram_openl3_crema_crema": -0.01635916600739995, "65_tempogram_openl3_crema_tempogram": -0.01577801141904711, "65_tempogram_openl3_crema_mfcc": -0.010154901274187056, "65_tempogram_openl3_crema_yamnet": -0.01163768539449861, "65_tempogram_openl3_crema_openl3": -0.014543146905179327, "65_tempogram_openl3_tempogram_crema": 0.03860173072239992, "65_tempogram_openl3_tempogram_tempogram": 0.04593658481708468, "65_tempogram_openl3_tempogram_mfcc": -0.011489870565560834, "65_tempogram_openl3_tempogram_yamnet": 0.04452232359968755, "65_tempogram_openl3_tempogram_openl3": 0.0, "65_tempogram_openl3_mfcc_crema": 0.009515419847457074, "65_tempogram_openl3_mfcc_tempogram": 0.013939106310556837, "65_tempogram_openl3_mfcc_mfcc": 0.008431461606446922, "65_tempogram_openl3_mfcc_yamnet": 0.005973440073252512, "65_tempogram_openl3_mfcc_openl3": 0.014715528807943135, "65_tempogram_openl3_yamnet_crema": 0.038270868393915136, "65_tempogram_openl3_yamnet_tempogram": 0.04520085821422304, "65_tempogram_openl3_yamnet_mfcc": 0.023943077804239876, "65_tempogram_openl3_yamnet_yamnet": 0.01588969866370782, "65_tempogram_openl3_yamnet_openl3": 0.015022691927032206, "65_tempogram_openl3_openl3_crema": 0.039383234570829484, "65_tempogram_openl3_openl3_tempogram": 0.03369119098396278, "65_tempogram_openl3_openl3_mfcc": 0.04826746284600403, "65_tempogram_openl3_openl3_yamnet": -0.012061999976831883, "65_tempogram_openl3_openl3_openl3": 0.03995757965691782, "65_mfcc_crema_crema_crema": -0.025874585854857024, "65_mfcc_crema_crema_tempogram": -0.025293431266504185, "65_mfcc_crema_crema_mfcc": -0.01967032112164413, "65_mfcc_crema_crema_yamnet": -0.021153105241955683, "65_mfcc_crema_crema_openl3": -0.0240585667526364, "65_mfcc_crema_tempogram_crema": 0.029086310874942845, "65_mfcc_crema_tempogram_tempogram": 0.036421164969627606, "65_mfcc_crema_tempogram_mfcc": -0.021005290413017907, "65_mfcc_crema_tempogram_yamnet": 0.03500690375223048, "65_mfcc_crema_tempogram_openl3": -0.009515419847457074, "65_mfcc_crema_mfcc_crema": 0.0, "65_mfcc_crema_mfcc_tempogram": 0.004423686463099763, "65_mfcc_crema_mfcc_mfcc": -0.0010839582410101523, "65_mfcc_crema_mfcc_yamnet": -0.0035419797742045622, "65_mfcc_crema_mfcc_openl3": 0.005200108960486061, "65_mfcc_crema_yamnet_crema": 0.028755448546458062, "65_mfcc_crema_yamnet_tempogram": 0.035685438366765965, "65_mfcc_crema_yamnet_mfcc": 0.014427657956782802, "65_mfcc_crema_yamnet_yamnet": 0.006374278816250745, "65_mfcc_crema_yamnet_openl3": 0.005507272079575132, "65_mfcc_crema_openl3_crema": 0.02986781472337241, "65_mfcc_crema_openl3_tempogram": 0.024175771136505708, "65_mfcc_crema_openl3_mfcc": 0.038752042998546954, "65_mfcc_crema_openl3_yamnet": -0.021577419824288957, "65_mfcc_crema_openl3_openl3": 0.030442159809460745, "65_mfcc_tempogram_crema_crema": -0.030298272317956787, "65_mfcc_tempogram_crema_tempogram": -0.029717117729603948, "65_mfcc_tempogram_crema_mfcc": -0.024094007584743893, "65_mfcc_tempogram_crema_yamnet": -0.025576791705055446, "65_mfcc_tempogram_crema_openl3": -0.028482253215736164, "65_mfcc_tempogram_tempogram_crema": 0.02466262441184308, "65_mfcc_tempogram_tempogram_tempogram": 0.03199747850652784, "65_mfcc_tempogram_tempogram_mfcc": -0.02542897687611767, "65_mfcc_tempogram_tempogram_yamnet": 0.030583217289130715, "65_mfcc_tempogram_tempogram_openl3": -0.013939106310556837, "65_mfcc_tempogram_mfcc_crema": -0.004423686463099763, "65_mfcc_tempogram_mfcc_tempogram": 0.0, "65_mfcc_tempogram_mfcc_mfcc": -0.005507644704109915, "65_mfcc_tempogram_mfcc_yamnet": -0.007965666237304325, "65_mfcc_tempogram_mfcc_openl3": 0.0007764224973862976, "65_mfcc_tempogram_yamnet_crema": 0.0243317620833583, "65_mfcc_tempogram_yamnet_tempogram": 0.0312617519036662, "65_mfcc_tempogram_yamnet_mfcc": 0.01000397149368304, "65_mfcc_tempogram_yamnet_yamnet": 0.0019505923531509817, "65_mfcc_tempogram_yamnet_openl3": 0.0010835856164753688, "65_mfcc_tempogram_openl3_crema": 0.025444128260272647, "65_mfcc_tempogram_openl3_tempogram": 0.019752084673405945, "65_mfcc_tempogram_openl3_mfcc": 0.03432835653544719, "65_mfcc_tempogram_openl3_yamnet": -0.02600110628738872, "65_mfcc_tempogram_openl3_openl3": 0.026018473346360982, "65_mfcc_mfcc_crema_crema": -0.024790627613846872, "65_mfcc_mfcc_crema_tempogram": -0.024209473025494033, "65_mfcc_mfcc_crema_mfcc": -0.018586362880633978, "65_mfcc_mfcc_crema_yamnet": -0.02006914700094553, "65_mfcc_mfcc_crema_openl3": -0.02297460851162625, "65_mfcc_mfcc_tempogram_crema": 0.030170269115952997, "65_mfcc_mfcc_tempogram_tempogram": 0.03750512321063776, "65_mfcc_mfcc_tempogram_mfcc": -0.019921332172007755, "65_mfcc_mfcc_tempogram_yamnet": 0.03609086199324063, "65_mfcc_mfcc_tempogram_openl3": -0.008431461606446922, "65_mfcc_mfcc_mfcc_crema": 0.0010839582410101523, "65_mfcc_mfcc_mfcc_tempogram": 0.005507644704109915, "65_mfcc_mfcc_mfcc_mfcc": 0.0, "65_mfcc_mfcc_mfcc_yamnet": -0.00245802153319441, "65_mfcc_mfcc_mfcc_openl3": 0.006284067201496213, "65_mfcc_mfcc_yamnet_crema": 0.029839406787468215, "65_mfcc_mfcc_yamnet_tempogram": 0.03676939660777612, "65_mfcc_mfcc_yamnet_mfcc": 0.015511616197792955, "65_mfcc_mfcc_yamnet_yamnet": 0.007458237057260897, "65_mfcc_mfcc_yamnet_openl3": 0.006591230320585284, "65_mfcc_mfcc_openl3_crema": 0.030951772964382562, "65_mfcc_mfcc_openl3_tempogram": 0.02525972937751586, "65_mfcc_mfcc_openl3_mfcc": 0.039836001239557106, "65_mfcc_mfcc_openl3_yamnet": -0.020493461583278805, "65_mfcc_mfcc_openl3_openl3": 0.0315261180504709, "65_mfcc_yamnet_crema_crema": -0.022332606080652462, "65_mfcc_yamnet_crema_tempogram": -0.021751451492299623, "65_mfcc_yamnet_crema_mfcc": -0.016128341347439568, "65_mfcc_yamnet_crema_yamnet": -0.01761112546775112, "65_mfcc_yamnet_crema_openl3": -0.02051658697843184, "65_mfcc_yamnet_tempogram_crema": 0.03262829064914741, "65_mfcc_yamnet_tempogram_tempogram": 0.03996314474383217, "65_mfcc_yamnet_tempogram_mfcc": -0.017463310638813345, "65_mfcc_yamnet_tempogram_yamnet": 0.03854888352643504, "65_mfcc_yamnet_tempogram_openl3": -0.005973440073252512, "65_mfcc_yamnet_mfcc_crema": 0.0035419797742045622, "65_mfcc_yamnet_mfcc_tempogram": 0.007965666237304325, "65_mfcc_yamnet_mfcc_mfcc": 0.00245802153319441, "65_mfcc_yamnet_mfcc_yamnet": 0.0, "65_mfcc_yamnet_mfcc_openl3": 0.008742088734690623, "65_mfcc_yamnet_yamnet_crema": 0.032297428320662624, "65_mfcc_yamnet_yamnet_tempogram": 0.03922741814097053, "65_mfcc_yamnet_yamnet_mfcc": 0.017969637730987364, "65_mfcc_yamnet_yamnet_yamnet": 0.009916258590455307, "65_mfcc_yamnet_yamnet_openl3": 0.009049251853779694, "65_mfcc_yamnet_openl3_crema": 0.03340979449757697, "65_mfcc_yamnet_openl3_tempogram": 0.02771775091071027, "65_mfcc_yamnet_openl3_mfcc": 0.042294022772751516, "65_mfcc_yamnet_openl3_yamnet": -0.018035440050084395, "65_mfcc_yamnet_openl3_openl3": 0.03398413958366531, "65_mfcc_openl3_crema_crema": -0.031074694815343085, "65_mfcc_openl3_crema_tempogram": -0.030493540226990246, "65_mfcc_openl3_crema_mfcc": -0.02487043008213019, "65_mfcc_openl3_crema_yamnet": -0.026353214202441744, "65_mfcc_openl3_crema_openl3": -0.029258675713122462, "65_mfcc_openl3_tempogram_crema": 0.023886201914456784, "65_mfcc_openl3_tempogram_tempogram": 0.031221056009141546, "65_mfcc_openl3_tempogram_mfcc": -0.026205399373503968, "65_mfcc_openl3_tempogram_yamnet": 0.029806794791744418, "65_mfcc_openl3_tempogram_openl3": -0.014715528807943135, "65_mfcc_openl3_mfcc_crema": -0.005200108960486061, "65_mfcc_openl3_mfcc_tempogram": -0.0007764224973862976, "65_mfcc_openl3_mfcc_mfcc": -0.006284067201496213, "65_mfcc_openl3_mfcc_yamnet": -0.008742088734690623, "65_mfcc_openl3_mfcc_openl3": 0.0, "65_mfcc_openl3_yamnet_crema": 0.023555339585972, "65_mfcc_openl3_yamnet_tempogram": 0.030485329406279904, "65_mfcc_openl3_yamnet_mfcc": 0.009227548996296742, "65_mfcc_openl3_yamnet_yamnet": 0.001174169855764684, "65_mfcc_openl3_yamnet_openl3": 0.0003071631190890711, "65_mfcc_openl3_openl3_crema": 0.02466770576288635, "65_mfcc_openl3_openl3_tempogram": 0.018975662176019648, "65_mfcc_openl3_openl3_mfcc": 0.03355193403806089, "65_mfcc_openl3_openl3_yamnet": -0.026777528784775018, "65_mfcc_openl3_openl3_openl3": 0.025242050848974684, "65_yamnet_crema_crema_crema": -0.054630034401315086, "65_yamnet_crema_crema_tempogram": -0.05404887981296225, "65_yamnet_crema_crema_mfcc": -0.04842576966810219, "65_yamnet_crema_crema_yamnet": -0.049908553788413745, "65_yamnet_crema_crema_openl3": -0.05281401529909446, "65_yamnet_crema_tempogram_crema": 0.00033086232848478225, "65_yamnet_crema_tempogram_tempogram": 0.007665716423169544, "65_yamnet_crema_tempogram_mfcc": -0.04976073895947597, "65_yamnet_crema_tempogram_yamnet": 0.006251455205772416, "65_yamnet_crema_tempogram_openl3": -0.038270868393915136, "65_yamnet_crema_mfcc_crema": -0.028755448546458062, "65_yamnet_crema_mfcc_tempogram": -0.0243317620833583, "65_yamnet_crema_mfcc_mfcc": -0.029839406787468215, "65_yamnet_crema_mfcc_yamnet": -0.032297428320662624, "65_yamnet_crema_mfcc_openl3": -0.023555339585972, "65_yamnet_crema_yamnet_crema": 0.0, "65_yamnet_crema_yamnet_tempogram": 0.0069299898203079024, "65_yamnet_crema_yamnet_mfcc": -0.01432779058967526, "65_yamnet_crema_yamnet_yamnet": -0.022381169730207318, "65_yamnet_crema_yamnet_openl3": -0.02324817646688293, "65_yamnet_crema_openl3_crema": 0.0011123661769143478, "65_yamnet_crema_openl3_tempogram": -0.004579677409952354, "65_yamnet_crema_openl3_mfcc": 0.009996594452088892, "65_yamnet_crema_openl3_yamnet": -0.05033286837074702, "65_yamnet_crema_openl3_openl3": 0.0016867112630026826, "65_yamnet_tempogram_crema_crema": -0.06156002422162299, "65_yamnet_tempogram_crema_tempogram": -0.06097886963327015, "65_yamnet_tempogram_crema_mfcc": -0.055355759488410095, "65_yamnet_tempogram_crema_yamnet": -0.05683854360872165, "65_yamnet_tempogram_crema_openl3": -0.059744005119402366, "65_yamnet_tempogram_tempogram_crema": -0.00659912749182312, "65_yamnet_tempogram_tempogram_tempogram": 0.0007357266028616416, "65_yamnet_tempogram_tempogram_mfcc": -0.05669072877978387, "65_yamnet_tempogram_tempogram_yamnet": -0.0006785346145354865, "65_yamnet_tempogram_tempogram_openl3": -0.04520085821422304, "65_yamnet_tempogram_mfcc_crema": -0.035685438366765965, "65_yamnet_tempogram_mfcc_tempogram": -0.0312617519036662, "65_yamnet_tempogram_mfcc_mfcc": -0.03676939660777612, "65_yamnet_tempogram_mfcc_yamnet": -0.03922741814097053, "65_yamnet_tempogram_mfcc_openl3": -0.030485329406279904, "65_yamnet_tempogram_yamnet_crema": -0.0069299898203079024, "65_yamnet_tempogram_yamnet_tempogram": 0.0, "65_yamnet_tempogram_yamnet_mfcc": -0.021257780409983162, "65_yamnet_tempogram_yamnet_yamnet": -0.02931115955051522, "65_yamnet_tempogram_yamnet_openl3": -0.030178166287190833, "65_yamnet_tempogram_openl3_crema": -0.005817623643393555, "65_yamnet_tempogram_openl3_tempogram": -0.011509667230260257, "65_yamnet_tempogram_openl3_mfcc": 0.003066604631780989, "65_yamnet_tempogram_openl3_yamnet": -0.05726285819105492, "65_yamnet_tempogram_openl3_openl3": -0.00524327855730522, "65_yamnet_mfcc_crema_crema": -0.040302243811639826, "65_yamnet_mfcc_crema_tempogram": -0.03972108922328699, "65_yamnet_mfcc_crema_mfcc": -0.03409797907842693, "65_yamnet_mfcc_crema_yamnet": -0.035580763198738485, "65_yamnet_mfcc_crema_openl3": -0.0384862247094192, "65_yamnet_mfcc_tempogram_crema": 0.014658652918160042, "65_yamnet_mfcc_tempogram_tempogram": 0.021993507012844804, "65_yamnet_mfcc_tempogram_mfcc": -0.03543294836980071, "65_yamnet_mfcc_tempogram_yamnet": 0.020579245795447676, "65_yamnet_mfcc_tempogram_openl3": -0.023943077804239876, "65_yamnet_mfcc_mfcc_crema": -0.014427657956782802, "65_yamnet_mfcc_mfcc_tempogram": -0.01000397149368304, "65_yamnet_mfcc_mfcc_mfcc": -0.015511616197792955, "65_yamnet_mfcc_mfcc_yamnet": -0.017969637730987364, "65_yamnet_mfcc_mfcc_openl3": -0.009227548996296742, "65_yamnet_mfcc_yamnet_crema": 0.01432779058967526, "65_yamnet_mfcc_yamnet_tempogram": 0.021257780409983162, "65_yamnet_mfcc_yamnet_mfcc": 0.0, "65_yamnet_mfcc_yamnet_yamnet": -0.008053379140532058, "65_yamnet_mfcc_yamnet_openl3": -0.00892038587720767, "65_yamnet_mfcc_openl3_crema": 0.015440156766589608, "65_yamnet_mfcc_openl3_tempogram": 0.009748113179722906, "65_yamnet_mfcc_openl3_mfcc": 0.02432438504176415, "65_yamnet_mfcc_openl3_yamnet": -0.03600507778107176, "65_yamnet_mfcc_openl3_openl3": 0.016014501852677943, "65_yamnet_yamnet_crema_crema": -0.03224886467110777, "65_yamnet_yamnet_crema_tempogram": -0.03166771008275493, "65_yamnet_yamnet_crema_mfcc": -0.026044599937894874, "65_yamnet_yamnet_crema_yamnet": -0.027527384058206428, "65_yamnet_yamnet_crema_openl3": -0.030432845568887146, "65_yamnet_yamnet_tempogram_crema": 0.0227120320586921, "65_yamnet_yamnet_tempogram_tempogram": 0.03004688615337686, "65_yamnet_yamnet_tempogram_mfcc": -0.027379569229268652, "65_yamnet_yamnet_tempogram_yamnet": 0.028632624935979734, "65_yamnet_yamnet_tempogram_openl3": -0.01588969866370782, "65_yamnet_yamnet_mfcc_crema": -0.006374278816250745, "65_yamnet_yamnet_mfcc_tempogram": -0.0019505923531509817, "65_yamnet_yamnet_mfcc_mfcc": -0.007458237057260897, "65_yamnet_yamnet_mfcc_yamnet": -0.009916258590455307, "65_yamnet_yamnet_mfcc_openl3": -0.001174169855764684, "65_yamnet_yamnet_yamnet_crema": 0.022381169730207318, "65_yamnet_yamnet_yamnet_tempogram": 0.02931115955051522, "65_yamnet_yamnet_yamnet_mfcc": 0.008053379140532058, "65_yamnet_yamnet_yamnet_yamnet": 0.0, "65_yamnet_yamnet_yamnet_openl3": -0.0008670067366756129, "65_yamnet_yamnet_openl3_crema": 0.023493535907121665, "65_yamnet_yamnet_openl3_tempogram": 0.017801492320254964, "65_yamnet_yamnet_openl3_mfcc": 0.03237776418229621, "65_yamnet_yamnet_openl3_yamnet": -0.0279516986405397, "65_yamnet_yamnet_openl3_openl3": 0.02406788099321, "65_yamnet_openl3_crema_crema": -0.031381857934432156, "65_yamnet_openl3_crema_tempogram": -0.030800703346079317, "65_yamnet_openl3_crema_mfcc": -0.02517759320121926, "65_yamnet_openl3_crema_yamnet": -0.026660377321530815, "65_yamnet_openl3_crema_openl3": -0.029565838832211533, "65_yamnet_openl3_tempogram_crema": 0.023579038795367713, "65_yamnet_openl3_tempogram_tempogram": 0.030913892890052475, "65_yamnet_openl3_tempogram_mfcc": -0.02651256249259304, "65_yamnet_openl3_tempogram_yamnet": 0.029499631672655346, "65_yamnet_openl3_tempogram_openl3": -0.015022691927032206, "65_yamnet_openl3_mfcc_crema": -0.005507272079575132, "65_yamnet_openl3_mfcc_tempogram": -0.0010835856164753688, "65_yamnet_openl3_mfcc_mfcc": -0.006591230320585284, "65_yamnet_openl3_mfcc_yamnet": -0.009049251853779694, "65_yamnet_openl3_mfcc_openl3": -0.0003071631190890711, "65_yamnet_openl3_yamnet_crema": 0.02324817646688293, "65_yamnet_openl3_yamnet_tempogram": 0.030178166287190833, "65_yamnet_openl3_yamnet_mfcc": 0.00892038587720767, "65_yamnet_openl3_yamnet_yamnet": 0.0008670067366756129, "65_yamnet_openl3_yamnet_openl3": 0.0, "65_yamnet_openl3_openl3_crema": 0.02436054264379728, "65_yamnet_openl3_openl3_tempogram": 0.018668499056930576, "65_yamnet_openl3_openl3_mfcc": 0.03324477091897182, "65_yamnet_openl3_openl3_yamnet": -0.02708469190386409, "65_yamnet_openl3_openl3_openl3": 0.024934887729885613, "65_openl3_crema_crema_crema": -0.055742400578229434, "65_openl3_crema_crema_tempogram": -0.055161245989876595, "65_openl3_crema_crema_mfcc": -0.04953813584501654, "65_openl3_crema_crema_yamnet": -0.05102091996532809, "65_openl3_crema_crema_openl3": -0.05392638147600881, "65_openl3_crema_tempogram_crema": -0.0007815038484295656, "65_openl3_crema_tempogram_tempogram": 0.006553350246255196, "65_openl3_crema_tempogram_mfcc": -0.05087310513639032, "65_openl3_crema_tempogram_yamnet": 0.005139089028858068, "65_openl3_crema_tempogram_openl3": -0.039383234570829484, "65_openl3_crema_mfcc_crema": -0.02986781472337241, "65_openl3_crema_mfcc_tempogram": -0.025444128260272647, "65_openl3_crema_mfcc_mfcc": -0.030951772964382562, "65_openl3_crema_mfcc_yamnet": -0.03340979449757697, "65_openl3_crema_mfcc_openl3": -0.02466770576288635, "65_openl3_crema_yamnet_crema": -0.0011123661769143478, "65_openl3_crema_yamnet_tempogram": 0.005817623643393555, "65_openl3_crema_yamnet_mfcc": -0.015440156766589608, "65_openl3_crema_yamnet_yamnet": -0.023493535907121665, "65_openl3_crema_yamnet_openl3": -0.02436054264379728, "65_openl3_crema_openl3_crema": 0.0, "65_openl3_crema_openl3_tempogram": -0.005692043586866702, "65_openl3_crema_openl3_mfcc": 0.008884228275174544, "65_openl3_crema_openl3_yamnet": -0.05144523454766137, "65_openl3_crema_openl3_openl3": 0.0005743450860883348, "65_openl3_tempogram_crema_crema": -0.05005035699136273, "65_openl3_tempogram_crema_tempogram": -0.04946920240300989, "65_openl3_tempogram_crema_mfcc": -0.04384609225814984, "65_openl3_tempogram_crema_yamnet": -0.04532887637846139, "65_openl3_tempogram_crema_openl3": -0.04823433788914211, "65_openl3_tempogram_tempogram_crema": 0.004910539738437136, "65_openl3_tempogram_tempogram_tempogram": 0.012245393833121898, "65_openl3_tempogram_tempogram_mfcc": -0.045181061549523616, "65_openl3_tempogram_tempogram_yamnet": 0.01083113261572477, "65_openl3_tempogram_tempogram_openl3": -0.03369119098396278, "65_openl3_tempogram_mfcc_crema": -0.024175771136505708, "65_openl3_tempogram_mfcc_tempogram": -0.019752084673405945, "65_openl3_tempogram_mfcc_mfcc": -0.02525972937751586, "65_openl3_tempogram_mfcc_yamnet": -0.02771775091071027, "65_openl3_tempogram_mfcc_openl3": -0.018975662176019648, "65_openl3_tempogram_yamnet_crema": 0.004579677409952354, "65_openl3_tempogram_yamnet_tempogram": 0.011509667230260257, "65_openl3_tempogram_yamnet_mfcc": -0.009748113179722906, "65_openl3_tempogram_yamnet_yamnet": -0.017801492320254964, "65_openl3_tempogram_yamnet_openl3": -0.018668499056930576, "65_openl3_tempogram_openl3_crema": 0.005692043586866702, "65_openl3_tempogram_openl3_tempogram": 0.0, "65_openl3_tempogram_openl3_mfcc": 0.014576271862041246, "65_openl3_tempogram_openl3_yamnet": -0.045753190960794665, "65_openl3_tempogram_openl3_openl3": 0.006266388672955037, "65_openl3_mfcc_crema_crema": -0.06462662885340398, "65_openl3_mfcc_crema_tempogram": -0.06404547426505114, "65_openl3_mfcc_crema_mfcc": -0.058422364120191084, "65_openl3_mfcc_crema_yamnet": -0.05990514824050264, "65_openl3_mfcc_crema_openl3": -0.06281060975118335, "65_openl3_mfcc_tempogram_crema": -0.00966573212360411, "65_openl3_mfcc_tempogram_tempogram": -0.0023308780289193476, "65_openl3_mfcc_tempogram_mfcc": -0.05975733341156486, "65_openl3_mfcc_tempogram_yamnet": -0.0037451392463164757, "65_openl3_mfcc_tempogram_openl3": -0.04826746284600403, "65_openl3_mfcc_mfcc_crema": -0.038752042998546954, "65_openl3_mfcc_mfcc_tempogram": -0.03432835653544719, "65_openl3_mfcc_mfcc_mfcc": -0.039836001239557106, "65_openl3_mfcc_mfcc_yamnet": -0.042294022772751516, "65_openl3_mfcc_mfcc_openl3": -0.03355193403806089, "65_openl3_mfcc_yamnet_crema": -0.009996594452088892, "65_openl3_mfcc_yamnet_tempogram": -0.003066604631780989, "65_openl3_mfcc_yamnet_mfcc": -0.02432438504176415, "65_openl3_mfcc_yamnet_yamnet": -0.03237776418229621, "65_openl3_mfcc_yamnet_openl3": -0.03324477091897182, "65_openl3_mfcc_openl3_crema": -0.008884228275174544, "65_openl3_mfcc_openl3_tempogram": -0.014576271862041246, "65_openl3_mfcc_openl3_mfcc": 0.0, "65_openl3_mfcc_openl3_yamnet": -0.06032946282283591, "65_openl3_mfcc_openl3_openl3": -0.008309883189086209, "65_openl3_yamnet_crema_crema": -0.004297166030568067, "65_openl3_yamnet_crema_tempogram": -0.003716011442215228, "65_openl3_yamnet_crema_mfcc": 0.0019070987026448272, "65_openl3_yamnet_crema_yamnet": 0.0004243145823332739, "65_openl3_yamnet_crema_openl3": -0.002481146928347444, "65_openl3_yamnet_tempogram_crema": 0.0506637306992318, "65_openl3_yamnet_tempogram_tempogram": 0.05799858479391656, "65_openl3_yamnet_tempogram_mfcc": 0.0005721294112710495, "65_openl3_yamnet_tempogram_yamnet": 0.056584323576519435, "65_openl3_yamnet_tempogram_openl3": 0.012061999976831883, "65_openl3_yamnet_mfcc_crema": 0.021577419824288957, "65_openl3_yamnet_mfcc_tempogram": 0.02600110628738872, "65_openl3_yamnet_mfcc_mfcc": 0.020493461583278805, "65_openl3_yamnet_mfcc_yamnet": 0.018035440050084395, "65_openl3_yamnet_mfcc_openl3": 0.026777528784775018, "65_openl3_yamnet_yamnet_crema": 0.05033286837074702, "65_openl3_yamnet_yamnet_tempogram": 0.05726285819105492, "65_openl3_yamnet_yamnet_mfcc": 0.03600507778107176, "65_openl3_yamnet_yamnet_yamnet": 0.0279516986405397, "65_openl3_yamnet_yamnet_openl3": 0.02708469190386409, "65_openl3_yamnet_openl3_crema": 0.05144523454766137, "65_openl3_yamnet_openl3_tempogram": 0.045753190960794665, "65_openl3_yamnet_openl3_mfcc": 0.06032946282283591, "65_openl3_yamnet_openl3_yamnet": 0.0, "65_openl3_yamnet_openl3_openl3": 0.0520195796337497, "65_openl3_openl3_crema_crema": -0.05631674566431777, "65_openl3_openl3_crema_tempogram": -0.05573559107596493, "65_openl3_openl3_crema_mfcc": -0.050112480931104875, "65_openl3_openl3_crema_yamnet": -0.05159526505141643, "65_openl3_openl3_crema_openl3": -0.054500726562097146, "65_openl3_openl3_tempogram_crema": -0.0013558489345179003, "65_openl3_openl3_tempogram_tempogram": 0.0059790051601668615, "65_openl3_openl3_tempogram_mfcc": -0.05144745022247865, "65_openl3_openl3_tempogram_yamnet": 0.004564743942769733, "65_openl3_openl3_tempogram_openl3": -0.03995757965691782, "65_openl3_openl3_mfcc_crema": -0.030442159809460745, "65_openl3_openl3_mfcc_tempogram": -0.026018473346360982, "65_openl3_openl3_mfcc_mfcc": -0.0315261180504709, "65_openl3_openl3_mfcc_yamnet": -0.03398413958366531, "65_openl3_openl3_mfcc_openl3": -0.025242050848974684, "65_openl3_openl3_yamnet_crema": -0.0016867112630026826, "65_openl3_openl3_yamnet_tempogram": 0.00524327855730522, "65_openl3_openl3_yamnet_mfcc": -0.016014501852677943, "65_openl3_openl3_yamnet_yamnet": -0.02406788099321, "65_openl3_openl3_yamnet_openl3": -0.024934887729885613, "65_openl3_openl3_openl3_crema": -0.0005743450860883348, "65_openl3_openl3_openl3_tempogram": -0.006266388672955037, "65_openl3_openl3_openl3_mfcc": 0.008309883189086209, "65_openl3_openl3_openl3_yamnet": -0.0520195796337497, "65_openl3_openl3_openl3_openl3": 0.0}